10000 19766
20000 39547
30000 59443
40000 79507
50000 98666
60000 118413
70000 138470
80000 158390
90000 178530
100000 198211
110000 217820
120000 237680
130000 257514
140000 277545
150000 297193
160000 317195
170000 336526
180000 356332
190000 376396
200000 395727
210000 415850
220000 435815
230000 455597
240000 475598
250000 495251
260000 514810
270000 534293
280000 555018
290000 574657
300000 594566
310000 614302
320000 633289
330000 653100
340000 672681
350000 692533
360000 712803
370000 733231
380000 753416
390000 773456
400000 793317
410000 812898
420000 832285
430000 852095
440000 871897
450000 891263
460000 911005
470000 930689
480000 950901
490000 970242
500000 990222
510000 1010147
520000 1029695
530000 1049411
540000 1069103
550000 1088782
560000 1108433
570000 1128195
580000 1148203
590000 1167983
600000 1187782
610000 1207479
620000 1227595
630000 1247160
640000 1266821
650000 1286727
660000 1306417
670000 1326522
680000 1345718
690000 1365667
700000 1385238
710000 1404809
720000 1424266
730000 1443999
740000 1463619
750000 1483344
760000 1503046
770000 1522914
780000 1542650
790000 1562761
800000 1583057
810000 1602835
820000 1622742
830000 1642129
840000 1661826
850000 1681583
860000 1701736
870000 1721709
880000 1741012
890000 1760733
900000 1780568
910000 1800516
920000 1820124
930000 1839486
940000 1859394
950000 1879175
960000 1898853
970000 1918984
980000 1938691
990000 1958304
1000000 1978600
1010000 1998368
1020000 2018281
1030000 2038344
1040000 2058133
1050000 2078203
1060000 2098298
1070000 2118361
1080000 2137972
1090000 2157861
1100000 2177731
1110000 2197536
1120000 2217274
1130000 2237458
1140000 2257584
1150000 2277076
1160000 2297141
1170000 2316663
1180000 2336508
1190000 2356614
1200000 2376471
1210000 2396410
1220000 2415976
1230000 2435846
1240000 2455540
1250000 2475766
1260000 2495343
1270000 2515344
1280000 2535403
1290000 2555585
1300000 2575189
1310000 2594924
1320000 2615330
1330000 2635310
1340000 2655533
1350000 2675457
1360000 2695404
1370000 2714428
1380000 2734378
1390000 2753947
1400000 2774182
1410000 2794632
1420000 2814186
1430000 2833544
1440000 2853738
1450000 2873337
1460000 2893286
1470000 2913057
1480000 2932529
1490000 2952756
1500000 2972348
1510000 2992221
1520000 3012020
1530000 3031707
1540000 3052045
1550000 3071485
1560000 3091564
1570000 3111672
1580000 3131691
1590000 3151575
1600000 3171181
1610000 3191478
1620000 3211394
1630000 3231546
1640000 3250989
1650000 3270749
1660000 3289858
1670000 3309696
1680000 3329160
1690000 3349292
1700000 3369291
1710000 3389459
1720000 3409060
1730000 3429260
1740000 3449188
1750000 3468806
1760000 3488810
1770000 3508544
1780000 3527969
1790000 3547582
1800000 3567012
1810000 3586786
1820000 3606300
1830000 3626012
1840000 3645818
1850000 3665968
1860000 3686324
1870000 3705787
1880000 3725983
1890000 3745708
1900000 3765041
1910000 3784789
1920000 3804328
1930000 3823841
1940000 3843606
1950000 3863715
1960000 3883071
1970000 3903655
1980000 3923326
1990000 3943329
2000000 3963469
2010000 3982812
2020000 4002945
2030000 4022887
2040000 4042365
2050000 4062147
2060000 4082160
2070000 4102139
2080000 4122178
2090000 4141410
2100000 4161074
2110000 4180357
2120000 4200474
2130000 4221003
2140000 4240805
2150000 4260382
2160000 4279935
2170000 4299526
2180000 4319795
2190000 4339531
2200000 4359570
2210000 4378964
2220000 4399354
2230000 4419235
2240000 4439121
2250000 4458702
2260000 4478279
2270000 4498361
2280000 4518048
2290000 4537491
2300000 4556781
2310000 4576651
2320000 4596620
2330000 4615988
2340000 4635629
2350000 4655400
2360000 4675392
2370000 4695416
2380000 4715530
2390000 4735460
2400000 4755050
2410000 4774251
2420000 4793841
2430000 4813532
2440000 4833748
2450000 4853360
2460000 4873248
2470000 4893474
2480000 4913357
2490000 4933084
2500000 4952603
2510000 4972410
2520000 4992659
2530000 5012825
2540000 5032824
2550000 5052496
2560000 5072406
2570000 5092241
2580000 5112131
2590000 5132118
2600000 5151756
2610000 5171556
2620000 5191232
2630000 5211292
2640000 5231588
2650000 5251787
2660000 5271635
2670000 5291163
2680000 5310425
2690000 5330182
2700000 5349839
2710000 5370146
2720000 5389951
2730000 5410011
2740000 5430264
2750000 5450065
2760000 5469781
2770000 5489857
2780000 5508992
2790000 5529256
2800000 5549145
2810000 5568678
2820000 5588094
2830000 5607720
2840000 5627975
2850000 5647652
2860000 5667683
2870000 5687426
2880000 5706632
2890000 5726116
2900000 5746202
2910000 5766179
2920000 5785973
2930000 5805420
2940000 5825216
2950000 5845014
2960000 5864789
2970000 5884279
2980000 5904255
2990000 5924113
3000000 5944045
3010000 5964158
3020000 5983906
3030000 6004557
3040000 6024352
3050000 6045039
3060000 6065392
3070000 6084951
3080000 6104215
3090000 6123803
3100000 6143851
3110000 6163748
3120000 6183258
3130000 6203418
3140000 6223337
3150000 6243164
3160000 6263532
3170000 6283656
3180000 6303463
3190000 6322884
3200000 6343040
3210000 6362883
3220000 6382843
3230000 6402913
3240000 6422546
3250000 6442553
3260000 6462370
3270000 6481784
3280000 6501465
3290000 6520922
3300000 6540587
3310000 6560296
3320000 6580285
3330000 6600467
3340000 6619810
3350000 6639724
3360000 6659604
3370000 6678842
3380000 6698670
3390000 6718135
3400000 6738020
3410000 6758015
3420000 6777528
3430000 6797760
3440000 6817152
3450000 6837265
3460000 6857538
3470000 6876991
3480000 6896512
3490000 6916406
3500000 6935982
3510000 6956179
3520000 6975972
3530000 6995785
3540000 7015976
3550000 7036343
3560000 7055884
3570000 7076220
3580000 7096302
3590000 7116290
3600000 7136437
3610000 7156415
3620000 7176430
3630000 7196016
3640000 7216133
3650000 7235867
3660000 7255656
3670000 7275087
3680000 7294961
3690000 7314742
3700000 7334809
3710000 7354528
3720000 7374483
3730000 7393748
3740000 7413909
3750000 7433510
3760000 7453355
3770000 7473988
3780000 7493495
3790000 7513477
3800000 7533333
3810000 7553397
3820000 7573376
3830000 7593135
3840000 7612707
3850000 7632782
3860000 7652697
3870000 7672371
3880000 7692356
3890000 7712190
3900000 7732554
3910000 7752637
3920000 7772800
3930000 7793163
3940000 7813176
3950000 7833243
3960000 7852743
3970000 7872623
3980000 7892021
3990000 7911950
4000000 7931644
4010000 7951523
4020000 7971769
4030000 7991074
4040000 8011117
4050000 8030938
4060000 8050709
4070000 8070457
4080000 8090254
4090000 8110302
4100000 8129869
4110000 8149750
4120000 8169605
4130000 8189576
4140000 8209341
4150000 8229001
4160000 8248459
4170000 8268266
4180000 8287800
4190000 8307625
4200000 8327506
4210000 8347541
4220000 8367488
4230000 8387187
4240000 8407269
4250000 8426792
4260000 8446877
4270000 8466708
4280000 8486865
4290000 8506758
4300000 8526346
4310000 8546242
4320000 8566025
4330000 8585861
4340000 8606517
4350000 8626624
4360000 8646732
4370000 8665834
4380000 8685976
4390000 8706021
4400000 8726125
4410000 8746173
4420000 8765961
4430000 8786481
4440000 8806551
4450000 8826325
4460000 8845772
4470000 8865757
4480000 8885172
4490000 8905069
4500000 8924689
4510000 8944843
4520000 8964068
4530000 8984397
4540000 9004247
4550000 9024112
4560000 9043679
4570000 9063586
4580000 9083545
4590000 9103398
4600000 9123359
4610000 9143032
4620000 9162809
4630000 9183010
4640000 9203139
4650000 9222994
4660000 9243160
4670000 9262538
4680000 9282299
4690000 9301558
4700000 9321396
4710000 9340786
4720000 9360843
4730000 9381066
4740000 9400661
4750000 9420053
4760000 9439851
4770000 9459330
4780000 9479710
4790000 9499509
4800000 9519363
4810000 9538950
4820000 9558651
4830000 9578247
4840000 9597716
4850000 9617348
4860000 9637202
4870000 9656944
4880000 9676956
4890000 9696409
4900000 9716613
4910000 9735719
4920000 9755112
4930000 9775640
4940000 9795715
4950000 9815654
4960000 9835250
4970000 9854575
4980000 9874985
4990000 9894887
5000000 9915010
5010000 9934652
5020000 9954448
5030000 9973956
5040000 9993313
5050000 10013282
5060000 10033513
5070000 10053020
5080000 10072811
5090000 10091860
5100000 10111767
5110000 10131109
5120000 10151328
5130000 10171145
5140000 10190778
5150000 10210617
5160000 10231083
5170000 10251427
5180000 10270891
5190000 10290483
5200000 10310025
5210000 10329547
5220000 10349074
5230000 10369060
5240000 10389119
5250000 10408670
5260000 10428613
5270000 10448822
5280000 10468660
5290000 10488318
5300000 10508194
5310000 10527910
5320000 10547416
5330000 10566815
5340000 10586857
5350000 10606650
5360000 10626358
5370000 10646300
5380000 10666636
5390000 10686380
5400000 10705955
5410000 10725706
5420000 10745567
5430000 10764946
5440000 10784185
5450000 10803951
5460000 10823785
5470000 10843984
5480000 10863896
5490000 10883902
5500000 10903638
5510000 10923369
5520000 10943045
5530000 10963171
5540000 10983225
5550000 11002743
5560000 11022498
5570000 11042742
5580000 11062424
5590000 11082637
5600000 11101974
5610000 11121968
5620000 11141839
5630000 11161065
5640000 11181300
5650000 11200809
5660000 11220455
5670000 11241136
5680000 11261260
5690000 11281396
5700000 11301015
5710000 11320822
5720000 11341034
5730000 11360684
5740000 11380342
5750000 11400129
5760000 11420359
5770000 11440200
5780000 11460629
5790000 11480613
5800000 11499947
5810000 11519724
5820000 11539401
5830000 11559362
5840000 11579111
5850000 11598878
5860000 11618541
5870000 11638318
5880000 11658053
5890000 11678020
5900000 11697628
5910000 11717835
5920000 11737473
5930000 11756938
5940000 11776831
5950000 11796433
5960000 11816533
5970000 11836487
5980000 11856541
5990000 11876850
6000000 11897063
6010000 11916933
6020000 11936680
6030000 11956565
6040000 11976749
6050000 11996839
6060000 12016705
6070000 12036238
6080000 12056711
6090000 12076279
6100000 12096103
6110000 12116210
6120000 12136428
6130000 12156753
6140000 12176510
6150000 12195995
6160000 12216113
6170000 12235879
6180000 12256023
6190000 12275536
6200000 12295138
6210000 12315438
6220000 12334711
6230000 12354586
6240000 12374318
6250000 12393863
6260000 12414645
6270000 12434855
6280000 12454565
6290000 12474372
6300000 12494304
6310000 12514363
6320000 12534048
6330000 12553815
6340000 12573663
6350000 12593867
6360000 12613325
6370000 12632970
6380000 12653755
6390000 12673632
6400000 12693386
6410000 12713302
6420000 12733590
6430000 12753466
6440000 12773123
6450000 12792871
6460000 12812491
6470000 12832075
6480000 12852003
6490000 12871637
6500000 12891479
6510000 12911154
6520000 12931082
6530000 12950990
6540000 12970018
6550000 12990310
6560000 13010015
6570000 13030041
6580000 13049634
6590000 13069793
6600000 13089402
6610000 13109165
6620000 13128802
6630000 13148458
6640000 13168802
6650000 13188820
6660000 13208586
6670000 13228659
6680000 13248749
6690000 13268931
6700000 13289033
6710000 13309357
6720000 13329733
6730000 13349700
6740000 13369633
6750000 13390123
6760000 13409594
6770000 13429529
6780000 13449190
6790000 13469304
6800000 13489387
6810000 13508861
6820000 13528930
6830000 13548767
6840000 13568214
6850000 13588115
6860000 13607745
6870000 13627542
6880000 13647807
6890000 13667787
6900000 13687483
6910000 13707706
6920000 13727706
6930000 13747688
6940000 13767632
6950000 13787411
6960000 13807410
6970000 13827386
6980000 13846554
6990000 13866050
7000000 13886690
7010000 13906432
7020000 13926316
7030000 13945881
7040000 13965925
7050000 13985833
7060000 14005514
7070000 14025069
7080000 14044724
7090000 14064178
7100000 14083700
7110000 14103447
7120000 14123142
7130000 14142527
7140000 14162743
7150000 14182497
7160000 14202510
7170000 14222215
7180000 14242421
7190000 14261884
7200000 14281723
7210000 14301755
7220000 14321559
7230000 14341322
7240000 14361041
7250000 14380933
7260000 14401095
7270000 14420515
7280000 14440450
7290000 14460242
7300000 14480258
7310000 14500331
7320000 14520117
7330000 14539649
7340000 14559438
7350000 14579339
7360000 14599588
7370000 14619666
7380000 14639868
7390000 14659987
7400000 14679696
7410000 14699352
7420000 14719258
7430000 14739085
7440000 14759149
7450000 14778901
7460000 14799581
7470000 14818786
7480000 14839074
7490000 14858785
7500000 14878912
7510000 14898686
7520000 14918380
7530000 14938686
7540000 14958275
7550000 14977651
7560000 14997336
7570000 15017167
7580000 15037202
7590000 15057267
7600000 15077049
7610000 15096451
7620000 15116167
7630000 15135855
7640000 15155558
7650000 15175040
7660000 15194927
7670000 15214676
7680000 15234147
7690000 15253479
7700000 15273697
7710000 15293643
7720000 15313375
7730000 15333518
7740000 15353194
7750000 15373583
7760000 15393411
7770000 15413552
7780000 15433877
7790000 15453670
7800000 15473310
7810000 15492883
7820000 15512884
7830000 15532987
7840000 15552530
7850000 15572399
7860000 15591855
7870000 15611369
7880000 15631655
7890000 15651882
7900000 15671823
7910000 15691175
7920000 15711077
7930000 15731334
7940000 15750878
7950000 15771041
7960000 15791013
7970000 15810509
7980000 15830279
7990000 15849776
8000000 15869908
8010000 15890257
8020000 15910112
8030000 15930152
8040000 15949867
8050000 15969685
8060000 15989390
8070000 16008940
8080000 16028693
8090000 16048912
8100000 16068806
8110000 16088595
8120000 16108194
8130000 16127677
8140000 16147530
8150000 16166941
8160000 16187098
8170000 16206512
8180000 16226316
8190000 16245730
8200000 16265584
8210000 16285815
8220000 16305616
8230000 16325196
8240000 16345330
8250000 16365165
8260000 16385205
8270000 16406032
8280000 16425597
8290000 16445247
8300000 16465606
8310000 16485474
8320000 16505906
8330000 16526242
8340000 16545880
8350000 16565851
8360000 16585775
8370000 16606177
8380000 16625880
8390000 16645568
8400000 16664696
8410000 16684616
8420000 16704666
8430000 16724039
8440000 16744366
8450000 16764002
8460000 16783487
8470000 16803094
8480000 16822802
8490000 16843269
8500000 16862855
8510000 16882482
8520000 16902133
8530000 16921911
8540000 16941832
8550000 16961472
8560000 16981038
8570000 17001051
8580000 17020080
8590000 17039596
8600000 17059194
8610000 17078694
8620000 17098839
8630000 17118625
8640000 17138480
8650000 17158312
8660000 17178238
8670000 17198110
8680000 17217486
8690000 17236980
8700000 17256470
8710000 17276610
8720000 17296354
8730000 17316005
8740000 17335894
8750000 17355347
8760000 17375203
8770000 17394864
8780000 17414674
8790000 17434508
8800000 17454245
8810000 17474427
8820000 17494389
8830000 17514610
8840000 17534789
8850000 17554471
8860000 17574344
8870000 17593635
8880000 17613256
8890000 17632828
8900000 17652784
8910000 17672999
8920000 17693076
8930000 17713271
8940000 17732962
8950000 17752700
8960000 17771983
8970000 17791069
8980000 17810766
8990000 17830697
9000000 17850603
9010000 17870482
9020000 17890638
9030000 17910668
9040000 17930027
9050000 17949879
9060000 17970402
9070000 17989846
9080000 18009851
9090000 18029395
9100000 18049231
9110000 18068835
9120000 18088563
9130000 18108778
9140000 18128430
9150000 18148672
9160000 18168785
9170000 18188131
9180000 18207708
9190000 18226942
9200000 18246555
9210000 18266503
9220000 18286015
9230000 18305728
9240000 18325504
9250000 18345466
9260000 18365075
9270000 18384375
9280000 18404453
9290000 18424227
9300000 18443895
9310000 18464156
9320000 18483890
9330000 18503614
9340000 18523449
9350000 18543477
9360000 18563236
9370000 18583268
9380000 18602902
9390000 18622426
9400000 18642537
9410000 18662168
9420000 18681971
9430000 18701641
9440000 18721462
9450000 18741340
9460000 18761218
9470000 18780895
9480000 18800377
9490000 18819910
9500000 18840113
9510000 18859678
9520000 18879977
9530000 18899774
9540000 18919802
9550000 18939618
9560000 18959419
9570000 18979195
9580000 18998881
9590000 19018691
9600000 19038561
9610000 19058100
9620000 19077667
9630000 19096742
9640000 19116332
9650000 19136884
9660000 19157408
9670000 19177443
9680000 19197913
9690000 19217272
9700000 19237246
9710000 19256866
9720000 19277174
9730000 19297065
9740000 19316583
9750000 19336149
9760000 19355087
9770000 19375099
9780000 19394982
9790000 19414764
9800000 19434668
9810000 19454442
9820000 19474390
9830000 19494172
9840000 19513937
9850000 19533978
9860000 19553906
9870000 19573578
9880000 19593500
9890000 19613611
9900000 19633775
9910000 19653532
9920000 19673291
9930000 19693106
9940000 19712833
9950000 19732258
9960000 19751819
9970000 19771779
9980000 19791217
9990000 19811252
10000000 19830894